1977109263
1966406603
2355443474
1661190780
2178469493
2366021281
2353417965
1821836610
1820775630
1820897367
2169058391
1946083193
2742901720
2467035402
2218476002
1815993997
1994139691
2343067740
2142385860
1826346534
1399713404
1821178435
2349441685
2639729642
2349503462
1967646317
1828001770
2462142460
1809578502
1828923355
2230208617
1258519502
1831597094
1922636115
1727821537
2146571283
1812689070
2490416984
2010031503
2349101733
1967514507
2490227262
1810899265
2488674882
2629651361
1976865223
1815091843
2352553407
2365240425
2713230723
2300980167
2129632671
2346048577
1827952237
1651274537
1815123153
1742731244
1824044231
2198368013
2474407413
2462776695
2366537431
2237421540
2255762280
1809014932
1961569161
1827468694
1834729152
1831913162
1959441065
2488941367
2672453721
1862485660
1818396927
1970044311
1822939120
2345519893
2343983253
1909687995
1830475543
1965848484
2845483944
2135707182
2136562515
1872066215
1744950895
1812618912
1877026625
2349645644
1810408335
2346539084
2217621674
1848694671
1812781412
1819770477
1826159410
1810274080
2161617500
2090751901
2157669207
2725561413
2462065583
2378046410
1808437157
1977077120
2355868555
2472003710
2278479700
1867041083
2458458713
2097513722
1964377245
1959399037
2753058677
2291420744
2810262254
2478955600
2150954803
2620677653
1819749180
2129990353
2545157884
1959204787
1969769537
2148317604
2576383132
1820666323
2462573971
2635286533
2482067805
1827307280
1814074795
1962947045
2368944164
1844140737
1901320757
1812712110
2366087022
1831940487
2469857070
2129990764
2343083873
2162870664
1974355323
1824124997
1963673955
2363769444
2805217084
2459218240
1964440527
1966250441
1828977471
1828406944
2672072367
1829369214
1830047930
1974925663
1774123543
2140425093
2134229227
