1977109263	0.92354231
1966406603	0.92263457
2355443474	0.90817871
1661190780	0.90794304
2178469493	0.90630582
2366021281	0.90544986
2353417965	0.90510588
1821836610	0.90453901
1820775630	0.90414484
1820897367	0.84424444
2169058391	0.84372142
1946083193	0.84363712
2742901720	0.84082379
2467035402	0.83900362
2218476002	0.83691601
1815993997	0.8363559
1994139691	0.81714426
2343067740	0.81676862
2142385860	0.81561101
1826346534	0.81337641
1399713404	0.8108459
1821178435	0.79392901
2349441685	0.79320259
2639729642	0.79318282
2349503462	0.79313845
1967646317	0.79184799
1828001770	0.79067138
2462142460	0.73646947
1809578502	0.73535899
1828923355	0.7352862
2230208617	0.73463629
1258519502	0.71564352
1831597094	0.71518711
1922636115	0.71397801
1727821537	0.70012225
2146571283	0.69996123
1812689070	0.69950054
2490416984	0.69850722
2010031503	0.69796721
2349101733	0.69345278
1967514507	0.69282741
2490227262	0.64281345
1810899265	0.64180467
2488674882	0.64130474
2629651361	0.64025308
1976865223	0.63911104
1815091843	0.63533235
2352553407	0.63524912
2365240425	0.63422176
2713230723	0.63050942
2300980167	0.6290847
2129632671	0.55069869
2346048577	0.55067845
1827952237	0.54948812
1651274537	0.54806505
1815123153	0.54672841
1742731244	0.54540083
1824044231	0.54481038
2198368013	0.54321875
2474407413	0.54275693
2462776695	0.54127459
2366537431	0.541012
2237421540	0.53852112
2255762280	0.53778003
1809014932	0.5358546
1961569161	0.5351935
1827468694	0.53464923
1834729152	0.53442209
1831913162	0.53422173
1959441065	0.53386247
2488941367	0.49913329
2672453721	0.49734632
1862485660	0.49626738
1818396927	0.49393152
1970044311	0.4932274
1822939120	0.4913035
2345519893	0.49084862
2343983253	0.49081075
1909687995	0.4894869
1830475543	0.48930909
1965848484	0.48897331
2845483944	0.48733204
2135707182	0.48520768
2136562515	0.48221963
1872066215	0.48037007
1744950895	0.47869516
1812618912	0.47839106
1877026625	0.47779576
2349645644	0.47757191
1810408335	0.47681018
2346539084	0.4262282
2217621674	0.42611028
1848694671	0.42503399
1812781412	0.42488779
1819770477	0.4238223
1826159410	0.42378113
1810274080	0.42187975
2161617500	0.41982814
2090751901	0.41961918
2157669207	0.41778965
2725561413	0.41765179
2462065583	0.41709161
2378046410	0.41542112
1808437157	0.41518237
1977077120	0.41475422
2355868555	0.41463132
2472003710	0.41436238
2278479700	0.41218265
1867041083	0.41138033
2458458713	0.41039098
2097513722	0.4093554
1964377245	0.40488121
1959399037	0.36212689
2753058677	0.36170062
2291420744	0.34680182
2810262254	0.34496369
2478955600	0.30186489
2150954803	0.29694909
2620677653	0.296537
1819749180	0.29649754
2129990353	0.2959952
2545157884	0.29454418
1959204787	0.29449908
1969769537	0.29414444
2148317604	0.29378388
2576383132	0.2925832
1820666323	0.29242979
2462573971	0.29128262
2635286533	0.28933703
2482067805	0.28742881
1827307280	0.28546049
1814074795	0.28129595
1962947045	0.28101771
2368944164	0.27874869
1844140737	0.27688664
1901320757	0.18719975
1812712110	0.18620963
2366087022	0.18470247
1831940487	0.18321591
2469857070	0.16647288
2129990764	0.16581414
2343083873	0.16483407
2162870664	0.16369698
1974355323	0.16336688
1824124997	0.15951532
1963673955	0.1558467
2363769444	0.14353152
2805217084	0.1423278
2459218240	0.14209062
1964440527	0.1412933
1966250441	0.04432576
1828977471	0.04335477
1828406944	0.04107216
2672072367	0.03967154
1829369214	0.03753985
1830047930	0.03737554
1974925663	0.03397678
1774123543	0.03247629
2140425093	0.03243033
2134229227	0.02981475
